100.00 0.10
100.00 0.10
100.00 0.10
100.00 0.10
100.00 0.10
100.00 0.10
100.00 0.10
100.00 0.10
100.00 0.10
100.00 0.10
100.00 0.10
101.00 9.90
101.00 9.90
101.00 9.90
101.00 9.90
101.00 9.90
101.00 9.90
101.00 9.90
101.00 9.90
101.00 9.90
101.00 9.90
101.00 9.90
102.00 19.61
102.00 19.61
102.00 19.61
102.00 19.61
102.00 19.61
102.00 19.61
102.00 19.61
102.00 19.61
102.00 19.61
102.00 19.61
102.00 19.61
103.00 29.13
103.00 29.13
103.00 29.13
103.00 29.13
103.00 29.13
103.00 29.13
103.00 29.13
103.00 29.13
103.00 29.13
103.00 29.13
103.00 29.13
104.00 38.46
104.00 38.46
104.00 38.46
104.00 38.46
104.00 38.46
104.00 38.46
104.00 38.46
104.00 38.46
104.00 38.46
104.00 38.46
104.00 38.46
105.00 47.62
105.00 47.62
105.00 47.62
105.00 47.62
105.00 47.62
105.00 47.62
105.00 47.62
105.00 47.62
105.00 47.62
105.00 47.62
105.00 47.62
106.00 56.60
106.00 56.60
106.00 56.60
106.00 56.60
106.00 56.60
106.00 56.60
106.00 56.60
106.00 56.60
106.00 56.60
106.00 56.60
106.00 56.60
107.00 65.42
107.00 65.42
107.00 65.42
107.00 65.42
107.00 65.42
107.00 65.42
107.00 65.42
107.00 65.42
107.00 65.42
107.00 65.42
107.00 65.42
108.00 74.07
108.00 74.07
108.00 74.07
108.00 74.07
108.00 74.07
108.00 74.07
108.00 74.07
108.00 74.07
108.00 74.07
108.00 74.07
108.00 74.07
109.00 82.57
109.00 82.57
109.00 82.57
109.00 82.57
109.00 82.57
109.00 82.57
109.00 82.57
109.00 82.57
109.00 82.57
109.00 82.57
109.00 82.57
110.00 90.91
110.00 90.91
110.00 90.91
110.00 90.91
110.00 90.91
110.00 90.91
110.00 90.91
110.00 90.91
110.00 90.91
110.00 90.91
110.00 90.91
111.00 99.10
111.00 99.10
111.00 99.10
111.00 99.10
111.00 99.10
111.00 99.10
111.00 99.10
111.00 99.10
111.00 99.10
111.00 99.10
111.00 99.10
112.00 107.14
112.00 107.14
112.00 107.14
112.00 107.14
112.00 107.14
112.00 107.14
112.00 107.14
112.00 107.14
112.00 107.14
112.00 107.14
112.00 107.14
113.00 115.04
113.00 115.04
113.00 115.04
113.00 115.04
113.00 115.04
113.00 115.04
113.00 115.04
113.00 115.04
113.00 115.04
113.00 115.04
113.00 115.04
114.00 122.81
114.00 122.81
114.00 122.81
114.00 122.81
114.00 122.81
114.00 122.81
114.00 122.81
114.00 122.81
114.00 122.81
114.00 122.81
114.00 122.81
115.00 130.43
115.00 130.43
115.00 130.43
115.00 130.43
115.00 130.43
115.00 130.43
115.00 130.43
115.00 130.43
115.00 130.43
115.00 130.43
115.00 130.43
116.00 137.93
116.00 137.93
116.00 137.93
116.00 137.93
116.00 137.93
116.00 137.93
116.00 137.93
116.00 137.93
116.00 137.93
116.00 137.93
116.00 137.93
117.00 145.30
117.00 145.30
117.00 145.30
117.00 145.30
117.00 145.30
117.00 145.30
117.00 145.30
117.00 145.30
117.00 145.30
117.00 145.30
117.00 145.30
118.00 152.54
118.00 152.54
118.00 152.54
118.00 152.54
118.00 152.54
118.00 152.54
118.00 152.54
118.00 152.54
118.00 152.54
118.00 152.54
118.00 152.54
119.00 159.66
119.00 159.66
119.00 159.66
119.00 159.66
119.00 159.66
119.00 159.66
119.00 159.66
119.00 159.66
119.00 159.66
119.00 159.66
119.00 159.66
120.00 166.67
120.00 166.67
120.00 166.67
120.00 166.67
120.00 166.67
120.00 166.67
120.00 166.67
120.00 166.67
120.00 166.67
120.00 166.67
120.00 166.67
121.00 173.55
121.00 173.55
121.00 173.55
121.00 173.55
121.00 173.55
121.00 173.55
121.00 173.55
121.00 173.55
121.00 173.55
121.00 173.55
121.00 173.55
122.00 180.33
122.00 180.33
122.00 180.33
122.00 180.33
122.00 180.33
122.00 180.33
122.00 180.33
122.00 180.33
122.00 180.33
122.00 180.33
122.00 180.33
123.00 186.99
123.00 186.99
123.00 186.99
123.00 186.99
123.00 186.99
123.00 186.99
123.00 186.99
123.00 186.99
123.00 186.99
123.00 186.99
123.00 186.99
124.00 193.55
124.00 193.55
124.00 193.55
124.00 193.55
124.00 193.55
124.00 193.55
124.00 193.55
124.00 193.55
124.00 193.55
124.00 193.55
124.00 193.55
125.00 200.00
125.00 200.00
125.00 200.00
125.00 200.00
125.00 200.00
125.00 200.00
125.00 200.00
125.00 200.00
125.00 200.00
125.00 200.00
125.00 200.00
126.00 206.35
126.00 206.35
126.00 206.35
126.00 206.35
126.00 206.35
126.00 206.35
126.00 206.35
126.00 206.35
126.00 206.35
126.00 206.35
126.00 206.35
127.00 212.60
127.00 212.60
127.00 212.60
127.00 212.60
127.00 212.60
127.00 212.60
127.00 212.60
127.00 212.60
127.00 212.60
127.00 212.60
127.00 212.60
128.00 218.75
128.00 218.75
128.00 218.75
128.00 218.75
128.00 218.75
128.00 218.75
128.00 218.75
128.00 218.75
128.00 218.75
128.00 218.75
128.00 218.75
129.00 224.81
129.00 224.81
129.00 224.81
129.00 224.81
129.00 224.81
129.00 224.81
129.00 224.81
129.00 224.81
129.00 224.81
129.00 224.81
129.00 224.81
130.00 230.77
130.00 230.77
130.00 230.77
130.00 230.77
130.00 230.77
130.00 230.77
130.00 230.77
130.00 230.77
130.00 230.77
130.00 230.77
130.00 230.77
131.00 236.64
131.00 236.64
131.00 236.64
131.00 236.64
131.00 236.64
131.00 236.64
131.00 236.64
131.00 236.64
131.00 236.64
131.00 236.64
131.00 236.64
132.00 242.42
132.00 242.42
132.00 242.42
132.00 242.42
132.00 242.42
132.00 242.42
132.00 242.42
132.00 242.42
132.00 242.42
132.00 242.42
132.00 242.42
133.00 248.12
133.00 248.12
133.00 248.12
133.00 248.12
133.00 248.12
133.00 248.12
133.00 248.12
133.00 248.12
133.00 248.12
133.00 248.12
133.00 248.12
134.00 253.73
134.00 253.73
134.00 253.73
134.00 253.73
134.00 253.73
134.00 253.73
134.00 253.73
134.00 253.73
134.00 253.73
134.00 253.73
134.00 253.73
135.00 259.26
135.00 259.26
135.00 259.26
135.00 259.26
135.00 259.26
135.00 259.26
135.00 259.26
135.00 259.26
135.00 259.26
135.00 259.26
135.00 259.26
136.00 264.71
136.00 264.71
136.00 264.71
136.00 264.71
136.00 264.71
136.00 264.71
136.00 264.71
136.00 264.71
136.00 264.71
136.00 264.71
136.00 264.71
137.00 270.07
137.00 270.07
137.00 270.07
137.00 270.07
137.00 270.07
137.00 270.07
137.00 270.07
137.00 270.07
137.00 270.07
137.00 270.07
137.00 270.07
138.00 275.36
138.00 275.36
138.00 275.36
138.00 275.36
138.00 275.36
138.00 275.36
138.00 275.36
138.00 275.36
138.00 275.36
138.00 275.36
138.00 275.36
139.00 280.58
139.00 280.58
139.00 280.58
139.00 280.58
139.00 280.58
139.00 280.58
139.00 280.58
139.00 280.58
139.00 280.58
139.00 280.58
139.00 280.58
140.00 285.71
140.00 285.71
140.00 285.71
140.00 285.71
140.00 285.71
140.00 285.71
140.00 285.71
140.00 285.71
140.00 285.71
140.00 285.71
140.00 285.71
141.00 290.78
141.00 290.78
141.00 290.78
141.00 290.78
141.00 290.78
141.00 290.78
141.00 290.78
141.00 290.78
141.00 290.78
141.00 290.78
141.00 290.78
142.00 295.77
142.00 295.77
142.00 295.77
142.00 295.77
142.00 295.77
142.00 295.77
142.00 295.77
142.00 295.77
142.00 295.77
142.00 295.77
142.00 295.77
143.00 300.70
143.00 300.70
143.00 300.70
143.00 300.70
143.00 300.70
143.00 300.70
143.00 300.70
143.00 300.70
143.00 300.70
143.00 300.70
143.00 300.70
144.00 305.56
144.00 305.56
144.00 305.56
144.00 305.56
144.00 305.56
144.00 305.56
144.00 305.56
144.00 305.56
144.00 305.56
144.00 305.56
144.00 305.56
145.00 310.34
145.00 310.34
145.00 310.34
145.00 310.34
145.00 310.34
145.00 310.34
145.00 310.34
145.00 310.34
145.00 310.34
145.00 310.34
145.00 310.34
146.00 315.07
146.00 315.07
146.00 315.07
146.00 315.07
146.00 315.07
146.00 315.07
146.00 315.07
146.00 315.07
146.00 315.07
146.00 315.07
146.00 315.07
147.00 319.73
147.00 319.73
147.00 319.73
147.00 319.73
147.00 319.73
147.00 319.73
147.00 319.73
147.00 319.73
147.00 319.73
147.00 319.73
147.00 319.73
148.00 324.32
148.00 324.32
148.00 324.32
148.00 324.32
148.00 324.32
148.00 324.32
148.00 324.32
148.00 324.32
148.00 324.32
148.00 324.32
148.00 324.32
149.00 328.86
149.00 328.86
149.00 328.86
149.00 328.86
149.00 328.86
149.00 328.86
149.00 328.86
149.00 328.86
149.00 328.86
149.00 328.86
149.00 328.86
150.00 333.33
150.00 333.33
150.00 333.33
150.00 333.33
150.00 333.33
150.00 333.33
150.00 333.33
150.00 333.33
150.00 333.33
150.00 333.33
150.00 333.33
151.00 337.75
151.00 337.75
151.00 337.75
151.00 337.75
151.00 337.75
151.00 337.75
151.00 337.75
151.00 337.75
151.00 337.75
151.00 337.75
151.00 337.75
152.00 342.11
152.00 342.11
152.00 342.11
152.00 342.11
152.00 342.11
152.00 342.11
152.00 342.11
152.00 342.11
152.00 342.11
152.00 342.11
152.00 342.11
153.00 346.41
153.00 346.41
153.00 346.41
153.00 346.41
153.00 346.41
153.00 346.41
153.00 346.41
153.00 346.41
153.00 346.41
153.00 346.41
153.00 346.41
154.00 350.65
154.00 350.65
154.00 350.65
154.00 350.65
154.00 350.65
154.00 350.65
154.00 350.65
154.00 350.65
154.00 350.65
154.00 350.65
154.00 350.65
155.00 354.84
155.00 354.84
155.00 354.84
155.00 354.84
155.00 354.84
155.00 354.84
155.00 354.84
155.00 354.84
155.00 354.84
155.00 354.84
155.00 354.84
156.00 358.97
156.00 358.97
156.00 358.97
156.00 358.97
156.00 358.97
156.00 358.97
156.00 358.97
156.00 358.97
156.00 358.97
156.00 358.97
156.00 358.97
157.00 363.06
157.00 363.06
157.00 363.06
157.00 363.06
157.00 363.06
157.00 363.06
157.00 363.06
157.00 363.06
157.00 363.06
157.00 363.06
157.00 363.06
158.00 367.09
158.00 367.09
158.00 367.09
158.00 367.09
158.00 367.09
158.00 367.09
158.00 367.09
158.00 367.09
158.00 367.09
158.00 367.09
158.00 367.09
159.00 371.07
159.00 371.07
159.00 371.07
159.00 371.07
159.00 371.07
159.00 371.07
159.00 371.07
159.00 371.07
159.00 371.07
159.00 371.07
159.00 371.07
160.00 375.00
160.00 375.00
160.00 375.00
160.00 375.00
160.00 375.00
160.00 375.00
160.00 375.00
160.00 375.00
160.00 375.00
160.00 375.00
160.00 375.00
161.00 378.88
161.00 378.88
161.00 378.88
161.00 378.88
161.00 378.88
161.00 378.88
161.00 378.88
161.00 378.88
161.00 378.88
161.00 378.88
161.00 378.88
162.00 382.72
162.00 382.72
162.00 382.72
162.00 382.72
162.00 382.72
162.00 382.72
162.00 382.72
162.00 382.72
162.00 382.72
162.00 382.72
162.00 382.72
163.00 386.50
163.00 386.50
163.00 386.50
163.00 386.50
163.00 386.50
163.00 386.50
163.00 386.50
163.00 386.50
163.00 386.50
163.00 386.50
163.00 386.50
164.00 390.24
164.00 390.24
164.00 390.24
164.00 390.24
164.00 390.24
164.00 390.24
164.00 390.24
164.00 390.24
164.00 390.24
164.00 390.24
164.00 390.24
165.00 393.94
165.00 393.94
165.00 393.94
165.00 393.94
165.00 393.94
165.00 393.94
165.00 393.94
165.00 393.94
165.00 393.94
165.00 393.94
165.00 393.94
166.00 397.59
166.00 397.59
166.00 397.59
166.00 397.59
166.00 397.59
166.00 397.59
166.00 397.59
166.00 397.59
166.00 397.59
166.00 397.59
166.00 397.59
167.00 401.20
167.00 401.20
167.00 401.20
167.00 401.20
167.00 401.20
167.00 401.20
167.00 401.20
167.00 401.20
167.00 401.20
167.00 401.20
167.00 401.20
168.00 404.76
168.00 404.76
168.00 404.76
168.00 404.76
168.00 404.76
168.00 404.76
168.00 404.76
168.00 404.76
168.00 404.76
168.00 404.76
168.00 404.76
169.00 408.28
169.00 408.28
169.00 408.28
169.00 408.28
169.00 408.28
169.00 408.28
169.00 408.28
169.00 408.28
169.00 408.28
169.00 408.28
169.00 408.28
170.00 411.76
170.00 411.76
170.00 411.76
170.00 411.76
170.00 411.76
170.00 411.76
170.00 411.76
170.00 411.76
170.00 411.76
170.00 411.76
170.00 411.76
171.00 415.20
171.00 415.20
171.00 415.20
171.00 415.20
171.00 415.20
171.00 415.20
171.00 415.20
171.00 415.20
171.00 415.20
171.00 415.20
171.00 415.20
172.00 418.60
172.00 418.60
172.00 418.60
172.00 418.60
172.00 418.60
172.00 418.60
172.00 418.60
172.00 418.60
172.00 418.60
172.00 418.60
172.00 418.60
173.00 421.97
173.00 421.97
173.00 421.97
173.00 421.97
173.00 421.97
173.00 421.97
173.00 421.97
173.00 421.97
173.00 421.97
173.00 421.97
173.00 421.97
174.00 425.29
174.00 425.29
174.00 425.29
174.00 425.29
174.00 425.29
174.00 425.29
174.00 425.29
174.00 425.29
174.00 425.29
174.00 425.29
174.00 425.29
175.00 428.57
175.00 428.57
175.00 428.57
175.00 428.57
175.00 428.57
175.00 428.57
175.00 428.57
175.00 428.57
175.00 428.57
175.00 428.57
175.00 428.57
176.00 431.82
176.00 431.82
176.00 431.82
176.00 431.82
176.00 431.82
176.00 431.82
176.00 431.82
176.00 431.82
176.00 431.82
176.00 431.82
176.00 431.82
177.00 435.03
177.00 435.03
177.00 435.03
177.00 435.03
177.00 435.03
177.00 435.03
177.00 435.03
177.00 435.03
177.00 435.03
177.00 435.03
177.00 435.03
178.00 438.20
178.00 438.20
178.00 438.20
178.00 438.20
178.00 438.20
178.00 438.20
178.00 438.20
178.00 438.20
178.00 438.20
178.00 438.20
178.00 438.20
179.00 441.34
179.00 441.34
179.00 441.34
179.00 441.34
179.00 441.34
179.00 441.34
179.00 441.34
179.00 441.34
179.00 441.34
179.00 441.34
179.00 441.34
180.00 444.44
180.00 444.44
180.00 444.44
180.00 444.44
180.00 444.44
180.00 444.44
180.00 444.44
180.00 444.44
180.00 444.44
180.00 444.44
180.00 444.44
181.00 447.51
181.00 447.51
181.00 447.51
181.00 447.51
181.00 447.51
181.00 447.51
181.00 447.51
181.00 447.51
181.00 447.51
181.00 447.51
181.00 447.51
182.00 450.55
182.00 450.55
182.00 450.55
182.00 450.55
182.00 450.55
182.00 450.55
182.00 450.55
182.00 450.55
182.00 450.55
182.00 450.55
182.00 450.55
183.00 453.55
183.00 453.55
183.00 453.55
183.00 453.55
183.00 453.55
183.00 453.55
183.00 453.55
183.00 453.55
183.00 453.55
183.00 453.55
183.00 453.55
184.00 456.52
184.00 456.52
184.00 456.52
184.00 456.52
184.00 456.52
184.00 456.52
184.00 456.52
184.00 456.52
184.00 456.52
184.00 456.52
184.00 456.52
185.00 459.46
185.00 459.46
185.00 459.46
185.00 459.46
185.00 459.46
185.00 459.46
185.00 459.46
185.00 459.46
185.00 459.46
185.00 459.46
185.00 459.46
186.00 462.37
186.00 462.37
186.00 462.37
186.00 462.37
186.00 462.37
186.00 462.37
186.00 462.37
186.00 462.37
186.00 462.37
186.00 462.37
186.00 462.37
187.00 465.24
187.00 465.24
187.00 465.24
187.00 465.24
187.00 465.24
187.00 465.24
187.00 465.24
187.00 465.24
187.00 465.24
187.00 465.24
187.00 465.24
188.00 468.09
188.00 468.09
188.00 468.09
188.00 468.09
188.00 468.09
188.00 468.09
188.00 468.09
188.00 468.09
188.00 468.09
188.00 468.09
188.00 468.09
189.00 470.90
189.00 470.90
189.00 470.90
189.00 470.90
189.00 470.90
189.00 470.90
189.00 470.90
189.00 470.90
189.00 470.90
189.00 470.90
189.00 470.90
190.00 473.68
190.00 473.68
190.00 473.68
190.00 473.68
190.00 473.68
190.00 473.68
190.00 473.68
190.00 473.68
190.00 473.68
190.00 473.68
190.00 473.68
191.00 476.44
191.00 476.44
191.00 476.44
191.00 476.44
191.00 476.44
191.00 476.44
191.00 476.44
191.00 476.44
191.00 476.44
191.00 476.44
191.00 476.44
192.00 479.17
192.00 479.17
192.00 479.17
192.00 479.17
192.00 479.17
192.00 479.17
192.00 479.17
192.00 479.17
192.00 479.17
192.00 479.17
192.00 479.17
193.00 481.87
193.00 481.87
193.00 481.87
193.00 481.87
193.00 481.87
193.00 481.87
193.00 481.87
193.00 481.87
193.00 481.87
193.00 481.87
193.00 481.87
194.00 484.54
194.00 484.54
194.00 484.54
194.00 484.54
194.00 484.54
194.00 484.54
194.00 484.54
194.00 484.54
194.00 484.54
194.00 484.54
194.00 484.54
195.00 487.18
195.00 487.18
195.00 487.18
195.00 487.18
195.00 487.18
195.00 487.18
195.00 487.18
195.00 487.18
195.00 487.18
195.00 487.18
195.00 487.18
196.00 489.80
196.00 489.80
196.00 489.80
196.00 489.80
196.00 489.80
196.00 489.80
196.00 489.80
196.00 489.80
196.00 489.80
196.00 489.80
196.00 489.80
197.00 492.39
197.00 492.39
197.00 492.39
197.00 492.39
197.00 492.39
197.00 492.39
197.00 492.39
197.00 492.39
197.00 492.39
197.00 492.39
197.00 492.39
198.00 494.95
198.00 494.95
198.00 494.95
198.00 494.95
198.00 494.95
198.00 494.95
198.00 494.95
198.00 494.95
198.00 494.95
198.00 494.95
198.00 494.95
199.00 497.49
199.00 497.49
199.00 497.49
199.00 497.49
199.00 497.49
199.00 497.49
199.00 497.49
199.00 497.49
199.00 497.49
199.00 497.49
199.00 497.49
200.00 500.00
200.00 500.00
200.00 500.00
200.00 500.00
200.00 500.00
200.00 500.00
200.00 500.00
200.00 500.00
200.00 500.00
200.00 500.00
200.00 500.00
201.00 502.49
201.00 502.49
201.00 502.49
201.00 502.49
201.00 502.49
201.00 502.49
201.00 502.49
201.00 502.49
201.00 502.49
201.00 502.49
201.00 502.49
202.00 504.95
202.00 504.95
202.00 504.95
202.00 504.95
202.00 504.95
202.00 504.95
202.00 504.95
202.00 504.95
202.00 504.95
202.00 504.95
202.00 504.95
203.00 507.39
203.00 507.39
203.00 507.39
203.00 507.39
203.00 507.39
203.00 507.39
203.00 507.39
203.00 507.39
203.00 507.39
203.00 507.39
203.00 507.39
204.00 509.80
204.00 509.80
204.00 509.80
204.00 509.80
204.00 509.80
204.00 509.80
204.00 509.80
204.00 509.80
204.00 509.80
204.00 509.80
204.00 509.80
205.00 512.20
205.00 512.20
205.00 512.20
205.00 512.20
205.00 512.20
205.00 512.20
205.00 512.20
205.00 512.20
205.00 512.20
205.00 512.20
205.00 512.20
206.00 514.56
206.00 514.56
206.00 514.56
206.00 514.56
206.00 514.56
206.00 514.56
206.00 514.56
206.00 514.56
206.00 514.56
206.00 514.56
206.00 514.56
207.00 516.91
207.00 516.91
207.00 516.91
207.00 516.91
207.00 516.91
207.00 516.91
207.00 516.91
207.00 516.91
207.00 516.91
207.00 516.91
207.00 516.91
208.00 519.23
208.00 519.23
208.00 519.23
208.00 519.23
208.00 519.23
208.00 519.23
208.00 519.23
208.00 519.23
208.00 519.23
208.00 519.23
208.00 519.23
209.00 521.53
209.00 521.53
209.00 521.53
209.00 521.53
209.00 521.53
209.00 521.53
209.00 521.53
209.00 521.53
209.00 521.53
209.00 521.53
209.00 521.53
210.00 523.81
210.00 523.81
210.00 523.81
210.00 523.81
210.00 523.81
210.00 523.81
210.00 523.81
210.00 523.81
210.00 523.81
210.00 523.81
210.00 523.81
211.00 526.07
211.00 526.07
211.00 526.07
211.00 526.07
211.00 526.07
211.00 526.07
211.00 526.07
211.00 526.07
211.00 526.07
211.00 526.07
211.00 526.07
212.00 528.30
212.00 528.30
212.00 528.30
212.00 528.30
212.00 528.30
212.00 528.30
212.00 528.30
212.00 528.30
212.00 528.30
212.00 528.30
212.00 528.30
213.00 530.52
213.00 530.52
213.00 530.52
213.00 530.52
213.00 530.52
213.00 530.52
213.00 530.52
213.00 530.52
213.00 530.52
213.00 530.52
213.00 530.52
214.00 532.71
214.00 532.71
214.00 532.71
214.00 532.71
214.00 532.71
214.00 532.71
214.00 532.71
214.00 532.71
214.00 532.71
214.00 532.71
214.00 532.71
215.00 534.88
215.00 534.88
215.00 534.88
215.00 534.88
215.00 534.88
215.00 534.88
215.00 534.88
215.00 534.88
215.00 534.88
215.00 534.88
215.00 534.88
216.00 537.04
216.00 537.04
216.00 537.04
216.00 537.04
216.00 537.04
216.00 537.04
216.00 537.04
216.00 537.04
216.00 537.04
216.00 537.04
216.00 537.04
217.00 539.17
217.00 539.17
217.00 539.17
217.00 539.17
217.00 539.17
217.00 539.17
217.00 539.17
217.00 539.17
217.00 539.17
217.00 539.17
217.00 539.17
218.00 541.28
218.00 541.28
218.00 541.28
218.00 541.28
218.00 541.28
218.00 541.28
218.00 541.28
218.00 541.28
218.00 541.28
218.00 541.28
218.00 541.28
219.00 543.38
219.00 543.38
219.00 543.38
219.00 543.38
219.00 543.38
219.00 543.38
219.00 543.38
219.00 543.38
219.00 543.38
219.00 543.38
219.00 543.38
220.00 545.45
220.00 545.45
220.00 545.45
220.00 545.45
220.00 545.45
220.00 545.45
220.00 545.45
220.00 545.45
220.00 545.45
220.00 545.45
220.00 545.45
221.00 547.51
221.00 547.51
221.00 547.51
221.00 547.51
221.00 547.51
221.00 547.51
221.00 547.51
221.00 547.51
221.00 547.51
221.00 547.51
221.00 547.51
222.00 549.55
222.00 549.55
222.00 549.55
222.00 549.55
222.00 549.55
222.00 549.55
222.00 549.55
222.00 549.55
222.00 549.55
222.00 549.55
222.00 549.55
223.00 551.57
223.00 551.57
223.00 551.57
223.00 551.57
223.00 551.57
223.00 551.57
223.00 551.57
223.00 551.57
223.00 551.57
223.00 551.57
223.00 551.57
224.00 553.57
224.00 553.57
224.00 553.57
224.00 553.57
224.00 553.57
224.00 553.57
224.00 553.57
224.00 553.57
224.00 553.57
224.00 553.57
224.00 553.57
225.00 555.56
225.00 555.56
225.00 555.56
225.00 555.56
225.00 555.56
225.00 555.56
225.00 555.56
225.00 555.56
225.00 555.56
225.00 555.56
225.00 555.56
226.00 557.52
226.00 557.52
226.00 557.52
226.00 557.52
226.00 557.52
226.00 557.52
226.00 557.52
226.00 557.52
226.00 557.52
226.00 557.52
226.00 557.52
227.00 559.47
227.00 559.47
227.00 559.47
227.00 559.47
227.00 559.47
227.00 559.47
227.00 559.47
227.00 559.47
227.00 559.47
227.00 559.47
227.00 559.47
228.00 561.40
228.00 561.40
228.00 561.40
228.00 561.40
228.00 561.40
228.00 561.40
228.00 561.40
228.00 561.40
228.00 561.40
228.00 561.40
228.00 561.40
229.00 563.32
229.00 563.32
229.00 563.32
229.00 563.32
229.00 563.32
229.00 563.32
229.00 563.32
229.00 563.32
229.00 563.32
229.00 563.32
229.00 563.32
230.00 565.22
230.00 565.22
230.00 565.22
230.00 565.22
230.00 565.22
230.00 565.22
230.00 565.22
230.00 565.22
230.00 565.22
230.00 565.22
230.00 565.22
231.00 567.10
231.00 567.10
231.00 567.10
231.00 567.10
231.00 567.10
231.00 567.10
231.00 567.10
231.00 567.10
231.00 567.10
231.00 567.10
231.00 567.10
232.00 568.97
232.00 568.97
232.00 568.97
232.00 568.97
232.00 568.97
232.00 568.97
232.00 568.97
232.00 568.97
232.00 568.97
232.00 568.97
232.00 568.97
233.00 570.82
233.00 570.82
233.00 570.82
233.00 570.82
233.00 570.82
233.00 570.82
233.00 570.82
233.00 570.82
233.00 570.82
233.00 570.82
233.00 570.82
234.00 572.65
234.00 572.65
234.00 572.65
234.00 572.65
234.00 572.65
234.00 572.65
234.00 572.65
234.00 572.65
234.00 572.65
234.00 572.65
234.00 572.65
235.00 574.47
235.00 574.47
235.00 574.47
235.00 574.47
235.00 574.47
235.00 574.47
235.00 574.47
235.00 574.47
235.00 574.47
235.00 574.47
235.00 574.47
236.00 576.27
236.00 576.27
236.00 576.27
236.00 576.27
236.00 576.27
236.00 576.27
236.00 576.27
236.00 576.27
236.00 576.27
236.00 576.27
236.00 576.27
237.00 578.06
237.00 578.06
237.00 578.06
237.00 578.06
237.00 578.06
237.00 578.06
237.00 578.06
237.00 578.06
237.00 578.06
237.00 578.06
237.00 578.06
238.00 579.83
238.00 579.83
238.00 579.83
238.00 579.83
238.00 579.83
238.00 579.83
238.00 579.83
238.00 579.83
238.00 579.83
238.00 579.83
238.00 579.83
239.00 581.59
239.00 581.59
239.00 581.59
239.00 581.59
239.00 581.59
239.00 581.59
239.00 581.59
239.00 581.59
239.00 581.59
239.00 581.59
239.00 581.59
240.00 583.33
240.00 583.33
240.00 583.33
240.00 583.33
240.00 583.33
240.00 583.33
240.00 583.33
240.00 583.33
240.00 583.33
240.00 583.33
240.00 583.33
241.00 585.06
241.00 585.06
241.00 585.06
241.00 585.06
241.00 585.06
241.00 585.06
241.00 585.06
241.00 585.06
241.00 585.06
241.00 585.06
241.00 585.06
242.00 586.78
242.00 586.78
242.00 586.78
242.00 586.78
242.00 586.78
242.00 586.78
242.00 586.78
242.00 586.78
242.00 586.78
242.00 586.78
242.00 586.78
243.00 588.48
243.00 588.48
243.00 588.48
243.00 588.48
243.00 588.48
243.00 588.48
243.00 588.48
243.00 588.48
243.00 588.48
243.00 588.48
243.00 588.48
244.00 590.16
244.00 590.16
244.00 590.16
244.00 590.16
244.00 590.16
244.00 590.16
244.00 590.16
244.00 590.16
244.00 590.16
244.00 590.16
244.00 590.16
245.00 591.84
245.00 591.84
245.00 591.84
245.00 591.84
245.00 591.84
245.00 591.84
245.00 591.84
245.00 591.84
245.00 591.84
245.00 591.84
245.00 591.84
246.00 593.50
246.00 593.50
246.00 593.50
246.00 593.50
246.00 593.50
246.00 593.50
246.00 593.50
246.00 593.50
246.00 593.50
246.00 593.50
246.00 593.50
247.00 595.14
247.00 595.14
247.00 595.14
247.00 595.14
247.00 595.14
247.00 595.14
247.00 595.14
247.00 595.14
247.00 595.14
247.00 595.14
247.00 595.14
248.00 596.77
248.00 596.77
248.00 596.77
248.00 596.77
248.00 596.77
248.00 596.77
248.00 596.77
248.00 596.77
248.00 596.77
248.00 596.77
248.00 596.77
249.00 598.39
249.00 598.39
249.00 598.39
249.00 598.39
249.00 598.39
249.00 598.39
249.00 598.39
249.00 598.39
249.00 598.39
249.00 598.39
249.00 598.39
250.00 600.00
250.00 600.00
250.00 600.00
250.00 600.00
250.00 600.00
250.00 600.00
250.00 600.00
250.00 600.00
250.00 600.00
250.00 600.00
250.00 600.00
251.00 601.59
251.00 601.59
251.00 601.59
251.00 601.59
251.00 601.59
251.00 601.59
251.00 601.59
251.00 601.59
251.00 601.59
251.00 601.59
251.00 601.59
252.00 603.17
252.00 603.17
252.00 603.17
252.00 603.17
252.00 603.17
252.00 603.17
252.00 603.17
252.00 603.17
252.00 603.17
252.00 603.17
252.00 603.17
253.00 604.74
253.00 604.74
253.00 604.74
253.00 604.74
253.00 604.74
253.00 604.74
253.00 604.74
253.00 604.74
253.00 604.74
253.00 604.74
253.00 604.74
254.00 606.30
254.00 606.30
254.00 606.30
254.00 606.30
254.00 606.30
254.00 606.30
254.00 606.30
254.00 606.30
254.00 606.30
254.00 606.30
254.00 606.30
255.00 607.84
255.00 607.84
255.00 607.84
255.00 607.84
255.00 607.84
255.00 607.84
255.00 607.84
255.00 607.84
255.00 607.84
255.00 607.84
255.00 607.84
256.00 609.37
256.00 609.38
256.00 609.37
256.00 609.38
256.00 609.37
256.00 609.38
256.00 609.37
256.00 609.38
256.00 609.37
256.00 609.38
256.00 609.37
257.00 610.89
257.00 610.89
257.00 610.89
257.00 610.89
257.00 610.89
257.00 610.89
257.00 610.89
257.00 610.89
257.00 610.89
257.00 610.89
257.00 610.89
258.00 612.40
258.00 612.40
258.00 612.40
258.00 612.40
258.00 612.40
258.00 612.40
258.00 612.40
258.00 612.40
258.00 612.40
258.00 612.40
258.00 612.40
259.00 613.90
259.00 613.90
259.00 613.90
259.00 613.90
259.00 613.90
259.00 613.90
259.00 613.90
259.00 613.90
259.00 613.90
259.00 613.90
259.00 613.90
260.00 615.38
260.00 615.38
260.00 615.38
260.00 615.38
260.00 615.38
260.00 615.38
260.00 615.38
260.00 615.38
260.00 615.38
260.00 615.38
260.00 615.38
261.00 616.86
261.00 616.86
261.00 616.86
261.00 616.86
261.00 616.86
261.00 616.86
261.00 616.86
261.00 616.86
261.00 616.86
261.00 616.86
261.00 616.86
262.00 618.32
262.00 618.32
262.00 618.32
262.00 618.32
262.00 618.32
262.00 618.32
262.00 618.32
262.00 618.32
262.00 618.32
262.00 618.32
262.00 618.32
263.00 619.77
263.00 619.77
263.00 619.77
263.00 619.77
263.00 619.77
263.00 619.77
263.00 619.77
263.00 619.77
263.00 619.77
263.00 619.77
263.00 619.77
264.00 621.21
264.00 621.21
264.00 621.21
264.00 621.21
264.00 621.21
264.00 621.21
264.00 621.21
264.00 621.21
264.00 621.21
264.00 621.21
264.00 621.21
265.00 622.64
265.00 622.64
265.00 622.64
265.00 622.64
265.00 622.64
265.00 622.64
265.00 622.64
265.00 622.64
265.00 622.64
265.00 622.64
265.00 622.64
266.00 624.06
266.00 624.06
266.00 624.06
266.00 624.06
266.00 624.06
266.00 624.06
266.00 624.06
266.00 624.06
266.00 624.06
266.00 624.06
266.00 624.06
267.00 625.47
267.00 625.47
267.00 625.47
267.00 625.47
267.00 625.47
267.00 625.47
267.00 625.47
267.00 625.47
267.00 625.47
267.00 625.47
267.00 625.47
268.00 626.87
268.00 626.87
268.00 626.87
268.00 626.87
268.00 626.87
268.00 626.87
268.00 626.87
268.00 626.87
268.00 626.87
268.00 626.87
268.00 626.87
269.00 628.25
269.00 628.25
269.00 628.25
269.00 628.25
269.00 628.25
269.00 628.25
269.00 628.25
269.00 628.25
269.00 628.25
269.00 628.25
269.00 628.25
270.00 629.63
270.00 629.63
270.00 629.63
270.00 629.63
270.00 629.63
270.00 629.63
270.00 629.63
270.00 629.63
270.00 629.63
270.00 629.63
270.00 629.63
271.00 631.00
271.00 631.00
271.00 631.00
271.00 631.00
271.00 631.00
271.00 631.00
271.00 631.00
271.00 631.00
271.00 631.00
271.00 631.00
271.00 631.00
272.00 632.35
272.00 632.35
272.00 632.35
272.00 632.35
272.00 632.35
272.00 632.35
272.00 632.35
272.00 632.35
272.00 632.35
272.00 632.35
272.00 632.35
273.00 633.70
273.00 633.70
273.00 633.70
273.00 633.70
273.00 633.70
273.00 633.70
273.00 633.70
273.00 633.70
273.00 633.70
273.00 633.70
273.00 633.70
274.00 635.04
274.00 635.04
274.00 635.04
274.00 635.04
274.00 635.04
274.00 635.04
274.00 635.04
274.00 635.04
274.00 635.04
274.00 635.04
274.00 635.04
275.00 636.36
275.00 636.36
275.00 636.36
275.00 636.36
275.00 636.36
275.00 636.36
275.00 636.36
275.00 636.36
275.00 636.36
275.00 636.36
275.00 636.36
276.00 637.68
276.00 637.68
276.00 637.68
276.00 637.68
276.00 637.68
276.00 637.68
276.00 637.68
276.00 637.68
276.00 637.68
276.00 637.68
276.00 637.68
277.00 638.99
277.00 638.99
277.00 638.99
277.00 638.99
277.00 638.99
277.00 638.99
277.00 638.99
277.00 638.99
277.00 638.99
277.00 638.99
277.00 638.99
278.00 640.29
278.00 640.29
278.00 640.29
278.00 640.29
278.00 640.29
278.00 640.29
278.00 640.29
278.00 640.29
278.00 640.29
278.00 640.29
278.00 640.29
279.00 641.58
279.00 641.58
279.00 641.58
279.00 641.58
279.00 641.58
279.00 641.58
279.00 641.58
279.00 641.58
279.00 641.58
279.00 641.58
279.00 641.58
280.00 642.86
280.00 642.86
280.00 642.86
280.00 642.86
280.00 642.86
280.00 642.86
280.00 642.86
280.00 642.86
280.00 642.86
280.00 642.86
280.00 642.86
281.00 644.13
281.00 644.13
281.00 644.13
281.00 644.13
281.00 644.13
281.00 644.13
281.00 644.13
281.00 644.13
281.00 644.13
281.00 644.13
281.00 644.13
282.00 645.39
282.00 645.39
282.00 645.39
282.00 645.39
282.00 645.39
282.00 645.39
282.00 645.39
282.00 645.39
282.00 645.39
282.00 645.39
282.00 645.39
283.00 646.64
283.00 646.64
283.00 646.64
283.00 646.64
283.00 646.64
283.00 646.64
283.00 646.64
283.00 646.64
283.00 646.64
283.00 646.64
283.00 646.64
284.00 647.89
284.00 647.89
284.00 647.89
284.00 647.89
284.00 647.89
284.00 647.89
284.00 647.89
284.00 647.89
284.00 647.89
284.00 647.89
284.00 647.89
285.00 649.12
285.00 649.12
285.00 649.12
285.00 649.12
285.00 649.12
285.00 649.12
285.00 649.12
285.00 649.12
285.00 649.12
285.00 649.12
285.00 649.12
286.00 650.35
286.00 650.35
286.00 650.35
286.00 650.35
286.00 650.35
286.00 650.35
286.00 650.35
286.00 650.35
286.00 650.35
286.00 650.35
286.00 650.35
287.00 651.57
287.00 651.57
287.00 651.57
287.00 651.57
287.00 651.57
287.00 651.57
287.00 651.57
287.00 651.57
287.00 651.57
287.00 651.57
287.00 651.57
288.00 652.78
288.00 652.78
288.00 652.78
288.00 652.78
288.00 652.78
288.00 652.78
288.00 652.78
288.00 652.78
288.00 652.78
288.00 652.78
288.00 652.78
289.00 653.98
289.00 653.98
289.00 653.98
289.00 653.98
289.00 653.98
289.00 653.98
289.00 653.98
289.00 653.98
289.00 653.98
289.00 653.98
289.00 653.98
290.00 655.17
290.00 655.17
290.00 655.17
290.00 655.17
290.00 655.17
290.00 655.17
290.00 655.17
290.00 655.17
290.00 655.17
290.00 655.17
290.00 655.17
291.00 656.36
291.00 656.36
291.00 656.36
291.00 656.36
291.00 656.36
291.00 656.36
291.00 656.36
291.00 656.36
291.00 656.36
291.00 656.36
291.00 656.36
292.00 657.53
292.00 657.53
292.00 657.53
292.00 657.53
292.00 657.53
292.00 657.53
292.00 657.53
292.00 657.53
292.00 657.53
292.00 657.53
292.00 657.53
293.00 658.70
293.00 658.70
293.00 658.70
293.00 658.70
293.00 658.70
293.00 658.70
293.00 658.70
293.00 658.70
293.00 658.70
293.00 658.70
293.00 658.70
294.00 659.86
294.00 659.86
294.00 659.86
294.00 659.86
294.00 659.86
294.00 659.86
294.00 659.86
294.00 659.86
294.00 659.86
294.00 659.86
294.00 659.86
295.00 661.02
295.00 661.02
295.00 661.02
295.00 661.02
295.00 661.02
295.00 661.02
295.00 661.02
295.00 661.02
295.00 661.02
295.00 661.02
295.00 661.02
296.00 662.16
296.00 662.16
296.00 662.16
296.00 662.16
296.00 662.16
296.00 662.16
296.00 662.16
296.00 662.16
296.00 662.16
296.00 662.16
296.00 662.16
297.00 663.30
297.00 663.30
297.00 663.30
297.00 663.30
297.00 663.30
297.00 663.30
297.00 663.30
297.00 663.30
297.00 663.30
297.00 663.30
297.00 663.30
298.00 664.43
298.00 664.43
298.00 664.43
298.00 664.43
298.00 664.43
298.00 664.43
298.00 664.43
298.00 664.43
298.00 664.43
298.00 664.43
298.00 664.43
299.00 665.55
299.00 665.55
299.00 665.55
299.00 665.55
299.00 665.55
299.00 665.55
299.00 665.55
299.00 665.55
299.00 665.55
299.00 665.55
299.00 665.55
300.00 669.01
300.00 664.30
300.00 669.01
300.00 664.30
300.00 669.01
300.00 664.30
300.00 669.01
300.00 664.30
300.00 669.01
300.00 664.30
300.00 669.01
301.00 699.38
301.00 632.85
301.00 699.38
301.00 632.85
301.00 699.38
301.00 632.85
301.00 699.38
301.00 632.85
301.00 699.38
301.00 632.85
301.00 699.38
302.00 712.51
302.00 618.62
302.00 712.51
302.00 618.62
302.00 712.51
302.00 618.62
302.00 712.51
302.00 618.62
302.00 712.51
302.00 618.62
302.00 712.51
303.00 722.39
303.00 607.64
303.00 722.39
303.00 607.64
303.00 722.39
303.00 607.64
303.00 722.39
303.00 607.64
303.00 722.39
303.00 607.64
303.00 722.39
304.00 730.59
304.00 598.36
304.00 730.59
304.00 598.36
304.00 730.59
304.00 598.36
304.00 730.59
304.00 598.36
304.00 730.59
304.00 598.36
304.00 730.59
305.00 737.70
305.00 590.16
305.00 737.70
305.00 590.16
305.00 737.70
305.00 590.16
305.00 737.70
305.00 590.16
305.00 737.70
305.00 590.16
305.00 737.70
306.00 744.05
306.00 582.75
306.00 744.05
306.00 582.75
306.00 744.05
306.00 582.75
306.00 744.05
306.00 582.75
306.00 744.05
306.00 582.75
306.00 744.05
307.00 749.80
307.00 575.93
307.00 749.80
307.00 575.93
307.00 749.80
307.00 575.93
307.00 749.80
307.00 575.93
307.00 749.80
307.00 575.93
307.00 749.80
308.00 755.08
308.00 569.59
308.00 755.08
308.00 569.59
308.00 755.08
308.00 569.59
308.00 755.08
308.00 569.59
308.00 755.08
308.00 569.59
308.00 755.08
309.00 759.99
309.00 563.64
309.00 759.99
309.00 563.64
309.00 759.99
309.00 563.64
309.00 759.99
309.00 563.64
309.00 759.99
309.00 563.64
309.00 759.99
310.00 764.57
310.00 558.01
310.00 764.57
310.00 558.01
310.00 764.57
310.00 558.01
310.00 764.57
310.00 558.01
310.00 764.57
310.00 558.01
310.00 764.57
311.00 768.87
311.00 552.67
311.00 768.87
311.00 552.67
311.00 768.87
311.00 552.67
311.00 768.87
311.00 552.67
311.00 768.87
311.00 552.67
311.00 768.87
312.00 772.94
312.00 547.57
312.00 772.94
312.00 547.57
312.00 772.94
312.00 547.57
312.00 772.94
312.00 547.57
312.00 772.94
312.00 547.57
312.00 772.94
313.00 776.79
313.00 542.69
313.00 776.79
313.00 542.69
313.00 776.79
313.00 542.69
313.00 776.79
313.00 542.69
313.00 776.79
313.00 542.69
313.00 776.79
314.00 780.46
314.00 538.01
314.00 780.46
314.00 538.01
314.00 780.46
314.00 538.01
314.00 780.46
314.00 538.01
314.00 780.46
314.00 538.01
314.00 780.46
315.00 783.97
315.00 533.49
315.00 783.97
315.00 533.49
315.00 783.97
315.00 533.49
315.00 783.97
315.00 533.49
315.00 783.97
315.00 533.49
315.00 783.97
316.00 787.32
316.00 529.14
316.00 787.32
316.00 529.14
316.00 787.32
316.00 529.14
316.00 787.32
316.00 529.14
316.00 787.32
316.00 529.14
316.00 787.32
317.00 790.53
317.00 524.93
317.00 790.53
317.00 524.93
317.00 790.53
317.00 524.93
317.00 790.53
317.00 524.93
317.00 790.53
317.00 524.93
317.00 790.53
318.00 793.62
318.00 520.85
318.00 793.62
318.00 520.85
318.00 793.62
318.00 520.85
318.00 793.62
318.00 520.85
318.00 793.62
318.00 520.85
318.00 793.62
319.00 796.59
319.00 516.89
319.00 796.59
319.00 516.89
319.00 796.59
319.00 516.89
319.00 796.59
319.00 516.89
319.00 796.59
319.00 516.89
319.00 796.59
320.00 799.46
320.00 513.04
320.00 799.46
320.00 513.04
320.00 799.46
320.00 513.04
320.00 799.46
320.00 513.04
320.00 799.46
320.00 513.04
320.00 799.46
321.00 802.22
321.00 509.30
321.00 802.22
321.00 509.30
321.00 802.22
321.00 509.30
321.00 802.22
321.00 509.30
321.00 802.22
321.00 509.30
321.00 802.22
322.00 804.90
322.00 505.66
322.00 804.90
322.00 505.66
322.00 804.90
322.00 505.66
322.00 804.90
322.00 505.66
322.00 804.90
322.00 505.66
322.00 804.90
323.00 807.49
323.00 502.11
323.00 807.49
323.00 502.11
323.00 807.49
323.00 502.11
323.00 807.49
323.00 502.11
323.00 807.49
323.00 502.11
323.00 807.49
324.00 809.99
324.00 498.65
324.00 809.99
324.00 498.65
324.00 809.99
324.00 498.65
324.00 809.99
324.00 498.65
324.00 809.99
324.00 498.65
324.00 809.99
325.00 812.43
325.00 495.27
325.00 812.43
325.00 495.27
325.00 812.43
325.00 495.27
325.00 812.43
325.00 495.27
325.00 812.43
325.00 495.27
325.00 812.43
326.00 814.79
326.00 491.96
326.00 814.79
326.00 491.96
326.00 814.79
326.00 491.96
326.00 814.79
326.00 491.96
326.00 814.79
326.00 491.96
326.00 814.79
327.00 817.08
327.00 488.73
327.00 817.08
327.00 488.73
327.00 817.08
327.00 488.73
327.00 817.08
327.00 488.73
327.00 817.08
327.00 488.73
327.00 817.08
328.00 819.32
328.00 485.56
328.00 819.32
328.00 485.56
328.00 819.32
328.00 485.56
328.00 819.32
328.00 485.56
328.00 819.32
328.00 485.56
328.00 819.32
329.00 482.46
329.00 821.49
329.00 482.46
329.00 821.49
329.00 482.46
329.00 821.49
329.00 482.46
329.00 821.49
329.00 482.46
329.00 821.49
329.00 482.46
330.00 479.43
330.00 823.60
330.00 479.43
330.00 823.60
330.00 479.43
330.00 823.60
330.00 479.43
330.00 823.60
330.00 479.43
330.00 823.60
330.00 479.43
331.00 476.45
331.00 825.66
331.00 476.45
331.00 825.66
331.00 476.45
331.00 825.66
331.00 476.45
331.00 825.66
331.00 476.45
331.00 825.66
331.00 476.45
332.00 473.53
332.00 827.67
332.00 473.53
332.00 827.67
332.00 473.53
332.00 827.67
332.00 473.53
332.00 827.67
332.00 473.53
332.00 827.67
332.00 473.53
333.00 470.67
333.00 829.63
333.00 470.67
333.00 829.63
333.00 470.67
333.00 829.63
333.00 470.67
333.00 829.63
333.00 470.67
333.00 829.63
333.00 470.67
334.00 467.85
334.00 831.55
334.00 467.85
334.00 831.55
334.00 467.85
334.00 831.55
334.00 467.85
334.00 831.55
334.00 467.85
334.00 831.55
334.00 467.85
335.00 465.09
335.00 833.42
335.00 465.09
335.00 833.42
335.00 465.09
335.00 833.42
335.00 465.09
335.00 833.42
335.00 465.09
335.00 833.42
335.00 465.09
336.00 462.38
336.00 835.24
336.00 462.38
336.00 835.24
336.00 462.38
336.00 835.24
336.00 462.38
336.00 835.24
336.00 462.38
336.00 835.24
336.00 462.38
337.00 459.71
337.00 837.03
337.00 459.71
337.00 837.03
337.00 459.71
337.00 837.03
337.00 459.71
337.00 837.03
337.00 459.71
337.00 837.03
337.00 459.71
338.00 457.08
338.00 838.77
338.00 457.08
338.00 838.77
338.00 457.08
338.00 838.77
338.00 457.08
338.00 838.77
338.00 457.08
338.00 838.77
338.00 457.08
339.00 454.50
339.00 840.48
339.00 454.50
339.00 840.48
339.00 454.50
339.00 840.48
339.00 454.50
339.00 840.48
339.00 454.50
339.00 840.48
339.00 454.50
340.00 451.96
340.00 842.15
340.00 451.96
340.00 842.15
340.00 451.96
340.00 842.15
340.00 451.96
340.00 842.15
340.00 451.96
340.00 842.15
340.00 451.96
341.00 449.46
341.00 843.79
341.00 449.46
341.00 843.79
341.00 449.46
341.00 843.79
341.00 449.46
341.00 843.79
341.00 449.46
341.00 843.79
341.00 449.46
342.00 447.00
342.00 845.39
342.00 447.00
342.00 845.39
342.00 447.00
342.00 845.39
342.00 447.00
342.00 845.39
342.00 447.00
342.00 845.39
342.00 447.00
343.00 444.58
343.00 846.97
343.00 444.58
343.00 846.97
343.00 444.58
343.00 846.97
343.00 444.58
343.00 846.97
343.00 444.58
343.00 846.97
343.00 444.58
344.00 442.19
344.00 848.50
344.00 442.19
344.00 848.50
344.00 442.19
344.00 848.50
344.00 442.19
344.00 848.50
344.00 442.19
344.00 848.50
344.00 442.19
345.00 445.97
345.00 852.43
345.00 433.99
345.00 847.47
345.00 445.97
345.00 852.43
345.00 433.99
345.00 847.47
345.00 445.97
345.00 852.43
345.00 433.99
346.00 467.49
346.00 861.34
346.00 413.23
346.00 838.95
346.00 467.49
346.00 861.34
346.00 413.23
346.00 838.95
346.00 467.49
346.00 861.34
346.00 413.23
347.00 478.56
347.00 865.91
347.00 402.91
347.00 834.79
347.00 478.56
347.00 865.91
347.00 402.91
347.00 834.79
347.00 478.56
347.00 865.91
347.00 402.91
348.00 395.06
348.00 831.68
348.00 487.16
348.00 869.43
348.00 395.06
348.00 831.68
348.00 487.16
348.00 869.43
348.00 395.06
348.00 831.68
348.00 487.16
349.00 388.52
349.00 829.13
349.00 494.45
349.00 872.39
349.00 388.52
349.00 829.13
349.00 494.45
349.00 872.39
349.00 388.52
349.00 829.13
349.00 494.45
350.00 382.82
350.00 826.94
350.00 500.88
350.00 875.00
350.00 382.82
350.00 826.94
350.00 500.88
350.00 875.00
350.00 382.82
350.00 826.94
350.00 500.88
351.00 377.72
351.00 825.02
351.00 506.71
351.00 877.34
351.00 377.72
351.00 825.02
351.00 506.71
351.00 877.34
351.00 377.72
351.00 825.02
351.00 506.71
352.00 373.08
352.00 823.30
352.00 512.08
352.00 879.49
352.00 373.08
352.00 823.30
352.00 512.08
352.00 879.49
352.00 373.08
352.00 823.30
352.00 512.08
353.00 368.81
353.00 821.75
353.00 517.07
353.00 881.47
353.00 368.81
353.00 821.75
353.00 517.07
353.00 881.47
353.00 368.81
353.00 821.75
353.00 517.07
354.00 364.84
354.00 820.33
354.00 521.75
354.00 883.32
354.00 364.84
354.00 820.33
354.00 521.75
354.00 883.32
354.00 364.84
354.00 820.33
354.00 521.75
355.00 354.80
355.00 812.66
355.00 540.47
355.00 881.68
355.00 370.33
355.00 827.81
355.00 506.03
355.00 887.37
355.00 354.80
355.00 812.66
355.00 540.47
356.00 348.82
356.00 808.64
356.00 550.88
356.00 880.78
356.00 373.81
356.00 833.31
356.00 494.49
356.00 889.89
356.00 348.82
356.00 808.64
356.00 550.88
357.00 343.56
357.00 805.13
357.00 560.12
357.00 879.60
357.00 378.09
357.00 839.44
357.00 481.17
357.00 891.23
357.00 346.06
357.00 807.90
357.00 554.05
358.00 352.44
358.00 817.05
358.00 535.13
358.00 890.58
358.00 348.85
358.00 813.21
358.00 543.79
358.00 888.13
358.00 355.68
358.00 820.43
358.00 527.41
359.00 372.47
359.00 839.11
359.00 484.66
359.00 896.66
359.00 332.67
359.00 796.98
359.00 580.88
359.00 874.02
359.00 395.30
359.00 858.15
359.00 437.02
360.00 431.53
360.00 883.12
360.00 371.58
360.00 840.63
360.00 482.30
360.00 898.87
360.00 327.24
360.00 792.56
360.00 591.88
360.00 869.61
360.00 408.20
361.00 601.71
361.00 865.15
361.00 421.15
361.00 880.06
361.00 381.06
361.00 851.43
361.00 456.65
361.00 895.72
361.00 337.21
361.00 806.83
361.00 562.64
362.00 453.69
362.00 897.24
362.00 333.77
362.00 804.97
362.00 568.31
362.00 888.11
362.00 359.73
362.00 833.77
362.00 501.72
362.00 904.99
362.00 311.26
363.00 305.10
363.00 769.60
363.00 643.65
363.00 832.60
363.00 505.95
363.00 907.37
363.00 305.10
363.00 769.60
363.00 643.65
363.00 832.60
363.00 505.95
364.00 622.56
364.00 855.32
364.00 450.44
364.00 901.06
364.00 324.51
364.00 797.90
364.00 586.98
364.00 882.46
364.00 377.55
364.00 855.42
364.00 450.19
365.00 329.90
365.00 806.89
365.00 568.74
365.00 895.25
365.00 342.28
365.00 821.71
365.00 534.74
365.00 908.10
365.00 304.62
365.00 773.17
365.00 640.13
366.00 457.86
366.00 908.50
366.00 304.25
366.00 774.75
366.00 638.71
366.00 844.58
366.00 480.42
366.00 913.60
366.00 288.91
366.00 751.92
366.00 682.73
367.00 305.49
367.00 778.64
367.00 632.55
367.00 853.02
367.00 460.14
367.00 911.67
367.00 295.54
367.00 764.08
367.00 661.56
367.00 821.71
367.00 537.67
368.00 781.57
368.00 628.25
368.00 859.47
368.00 444.48
368.00 908.65
368.00 305.44
368.00 780.71
368.00 630.03
368.00 857.78
368.00 448.95
368.00 910.41
369.00 766.48
369.00 660.46
369.00 827.49
369.00 526.75
369.00 919.86
369.00 272.02
369.00 730.71
369.00 726.09
369.00 733.87
369.00 720.67
369.00 742.81
370.00 730.89
370.00 727.74
370.00 733.09
370.00 723.97
370.00 739.39
370.00 712.96
370.00 757.20
370.00 680.24
370.00 804.80
370.00 581.27
370.00 900.56
371.00 764.60
371.00 667.75
371.00 823.09
371.00 540.21
371.00 921.50
371.00 268.37
371.00 728.45
371.00 733.88
371.00 724.57
371.00 740.39
371.00 713.10
372.00 708.73
372.00 767.93
372.00 662.96
372.00 831.21
372.00 521.91
372.00 928.21
372.00 247.87
372.00 693.52
372.00 790.68
372.00 615.68
372.00 880.22
373.00 749.11
373.00 701.03
373.00 781.75
373.00 636.39
373.00 863.11
373.00 440.70
373.00 919.38
373.00 276.46
373.00 746.11
373.00 706.57
373.00 773.33
374.00 842.54
374.00 496.18
374.00 934.95
374.00 227.48
374.00 657.23
374.00 842.54
374.00 496.18
374.00 934.95
374.00 227.48
374.00 657.23
374.00 842.54
375.00 927.16
375.00 253.26
375.00 709.20
375.00 773.38
375.00 657.23
375.00 844.80
375.00 491.68
375.00 937.24
375.00 220.58
375.00 644.71
375.00 858.97
376.00 511.86
376.00 939.47
376.00 213.81
376.00 632.04
376.00 874.44
376.00 412.82
376.00 911.42
376.00 303.55
376.00 794.89
376.00 613.04
376.00 891.95
377.00 625.51
377.00 883.11
377.00 389.17
377.00 896.19
377.00 350.73
377.00 858.50
377.00 457.96
377.00 935.84
377.00 226.37
377.00 660.23
377.00 845.71
378.00 596.74
378.00 909.63
378.00 310.74
378.00 809.60
378.00 582.67
378.00 919.17
378.00 280.85
378.00 763.46
378.00 682.62
378.00 818.93
378.00 560.51
379.00 850.30
379.00 482.42
379.00 946.33
379.00 192.50
379.00 589.12
379.00 917.40
379.00 287.21
379.00 775.89
379.00 659.03
379.00 851.65
379.00 478.84
380.00 947.77
380.00 188.10
380.00 580.33
380.00 925.48
380.00 262.08
380.00 734.89
380.00 740.34
380.00 730.50
380.00 748.10
380.00 716.09
380.00 772.55
381.00 615.54
381.00 901.64
381.00 337.88
381.00 852.37
381.00 479.44
381.00 950.89
381.00 177.92
381.00 557.27
381.00 940.01
381.00 214.87
381.00 642.74
382.00 173.91
382.00 548.80
382.00 945.90
382.00 195.47
382.00 600.73
382.00 916.24
382.00 293.16
382.00 791.58
382.00 630.24
382.00 890.21
382.00 373.36
383.00 957.42
383.00 156.15
383.00 504.67
383.00 957.42
383.00 156.15
383.00 504.67
383.00 957.42
383.00 156.15
383.00 504.67
383.00 957.42
383.00 156.15
384.00 488.00
384.00 959.45
384.00 149.41
384.00 488.00
384.00 959.45
384.00 149.41
384.00 488.00
384.00 959.45
384.00 149.41
384.00 488.00
384.00 959.45
385.00 467.75
385.00 958.50
385.00 153.16
385.00 499.34
385.00 962.50
385.00 138.97
385.00 460.67
385.00 956.55
385.00 160.03
385.00 517.52
385.00 961.32
386.00 544.90
386.00 957.22
386.00 158.07
386.00 513.70
386.00 964.28
386.00 132.97
386.00 445.02
386.00 953.33
386.00 171.73
386.00 549.05
386.00 955.71
387.00 967.34
387.00 122.28
387.00 415.34
387.00 939.76
387.00 219.07
387.00 662.07
387.00 865.85
387.00 449.52
387.00 957.64
387.00 156.99
387.00 512.18
388.00 930.09
388.00 252.28
388.00 731.91
388.00 761.33
388.00 705.02
388.00 806.92
388.00 604.51
388.00 927.62
388.00 260.50
388.00 747.44
388.00 732.45
389.00 522.33
389.00 970.56
389.00 111.15
389.00 384.30
389.00 920.43
389.00 284.90
389.00 792.51
389.00 639.66
389.00 896.63
389.00 360.55
389.00 896.85
390.00 341.82
390.00 877.42
390.00 419.45
390.00 949.70
390.00 186.31
390.00 591.24
390.00 942.53
390.00 211.25
390.00 649.82
390.00 887.46
390.00 389.52
391.00 949.92
391.00 186.02
391.00 592.03
391.00 944.39
391.00 205.36
391.00 638.06
391.00 902.97
391.00 342.58
391.00 880.60
391.00 411.11
391.00 946.60
392.00 962.48
392.00 141.55
392.00 476.34
392.00 977.81
392.00 85.07
392.00 305.11
392.00 831.10
392.00 550.25
392.00 970.10
392.00 113.70
392.00 395.02
393.00 716.99
393.00 797.47
393.00 634.75
393.00 911.14
393.00 318.19
393.00 852.59
393.00 493.92
393.00 982.35
393.00 68.12
393.00 249.48
393.00 735.86
394.00 254.05
394.00 746.66
394.00 745.28
394.00 747.96
394.00 742.76
394.00 752.81
394.00 733.19
394.00 770.76
394.00 696.15
394.00 833.40
394.00 547.04
395.00 545.86
395.00 979.19
395.00 80.48
395.00 292.30
395.00 817.10
395.00 590.32
395.00 955.28
395.00 168.76
395.00 554.11
395.00 975.93
395.00 92.77
396.00 39.93
396.00 151.81
396.00 509.89
396.00 989.61
396.00 40.71
396.00 154.64
396.00 517.67
396.00 988.76
396.00 44.00
396.00 166.56
396.00 549.72
397.00 463.78
397.00 987.29
397.00 49.81
397.00 187.88
397.00 605.74
397.00 948.11
397.00 195.32
397.00 623.97
397.00 931.49
397.00 253.36
397.00 751.00
398.00 893.97
398.00 377.26
398.00 935.04
398.00 241.73
398.00 729.53
398.00 785.32
398.00 671.00
398.00 878.63
398.00 424.43
398.00 972.27
398.00 107.29
399.00 180.22
399.00 589.48
399.00 965.55
399.00 132.72
399.00 459.27
399.00 990.88
399.00 36.05
399.00 138.66
399.00 476.53
399.00 995.30
399.00 18.66
400.00 763.60
400.00 722.07
400.00 802.74
400.00 633.39
400.00 928.83
400.00 264.42
400.00 778.01
400.00 690.85
400.00 854.31
400.00 497.86
400.00 999.98
